
  -1.572   0.0000   0.02307   0.01478  -0.0513   0.9356   1.0000
  -1.323   0.0500   0.02364   0.01487  -0.0563   0.9249   1.0000
  -0.867   0.1000   0.02464   0.01535  -0.0581   0.9030   1.0000
  -0.610   0.1500   0.02525   0.01566  -0.0627   0.8942   1.0000
   0.2      0.2     0.026     0.016    -0.0635   0.86     1.0000
   0.4      0.25    0.028     0.017    -0.054    0.84     1.0000
   0.846   0.3000   0.02917   0.01875  -0.0653   0.8297   1.0000
   1.122   0.3500   0.02984   0.01941  -0.0690   0.8214   1.0000
   1.978   0.4000   0.03324   	  0     -0.0649    0       0
   2.215   0.4500   0.03365   0.02293  -0.0683   0.7790   1.0000
   3.349   0.5000   0.03964       0     -0.0622    0        0
   3.542   0.5500   0.03990      0      -0.0656    0        0
   4.5     0.6      0.045        0      -0.06      0        0
   5.664   0.6500   0.05287      0      -0.0562    0        0 
   6.5     0.7      0.057        0      -0.053     0        0
   7.267   0.7500   0.06250      0      -0.0502    0        0
   7.742   0.8000   0.06405      0      -0.0480    0        0
   8.2     0.85     0.065        0     -0.05       0        0
   8.7     0.9000   0.068        0      -0.0551    0        0
   9.0     0.95     0.072        0      -0.06      0        0
   10      1.0000   0.075        0      -0.0440    0        0

      