
  -2.641   0.0000   0.01285   0.00475  -0.0535   0.7382   0.0252
  -2.159   0.0500   0.01204   0.00352  -0.0522   0.7175   0.0277
  -1.635   0.1000   0.01064   0.00292  -0.0507   0.6955   0.2589
  -1.067   0.1500   0.00952   0.00295  -0.0484   0.6739   0.5889
  -0.658   0.2000   0.00878   0.00314  -0.0483   0.6614   0.8800
  -0.540   0.2500   0.00886   0.00324  -0.0555   0.6567   0.9717
  -0.491   0.3000   0.00884   0.00315  -0.0648   0.6540   1.0000
   0.018   0.3500   0.00914   0.00319  -0.0636   0.6352   1.0000
   0.520   0.4000   0.00930   0.00333  -0.0626   0.6238   1.0000
   1.025   0.4500   0.00943   0.00335  -0.0614   0.6091   1.0000
   1.528   0.5000   0.00969   0.00345  -0.0603   0.5945   1.0000
   2.025   0.5500   0.01019   0.00386  -0.0594   0.5800   1.0000
   2.524   0.6000   0.01036   0.00406  -0.0584   0.5704   1.0000
   3.025   0.6500   0.01055   0.00423  -0.0572   0.5567   1.0000
   3.527   0.7000   0.01090   0.00448  -0.0560   0.5415   1.0000
   4.029   0.7500   0.01130   0.00503  -0.0550   0.5271   1.0000
   4.573   0.8000   0.01089   0.00430  -0.0522   0.4802   1.0000
   5.122   0.8500   0.01099   0.00416  -0.0500   0.4296   1.0000
   5.668   0.9000   0.01143   0.00441  -0.0481   0.3828   1.0000
   6.290   0.9500   0.01256   0.00500  -0.0450   0.2788   1.0000
   7.355   1.0000   0.01795   0.00867  -0.0359   0.0139   1.0000
