
  -2.727   0.0000   0.01781   0.00845  -0.0634   0.8688   0.0614
  -2.4     0.0500   0.015     0.007    -0.064    0.84     0.4
  -2.006   0.1000   0.01366   0.00747  -0.0643   0.8362   0.8915
  -2.004   0.1500   0.01358   0.00735  -0.0729   0.8408   0.9788
  -1.792   0.2000   0.01342   0.00691  -0.0783   0.8303   1.0000
  -1.219   0.2500   0.01379   0.00682  -0.0762   0.8009   1.0000
  -0.667   0.3000   0.01423   0.00683  -0.0737   0.7747   1.0000
  -0.099   0.3500   0.01474   0.00714  -0.0717   0.7496   1.0000
   0.431   0.4000   0.01538   0.00757  -0.0698   0.7306   1.0000
   0.989   0.4500   0.01620   0.00830  -0.0684   0.7115   1.0000
   1.519   0.5000   0.01672   0.00865  -0.0665   0.6925   1.0000
   2.068   0.5500   0.01780   0.00962  -0.0647   0.6751   1.0000
   2.629   0.6000   0.01874   0.01061  -0.0631   0.6568   1.0000
   3.144   0.6500   0.01936   0.01116  -0.0614   0.6412   1.0000
   3.714   0.7000   0.02080   0.01267  -0.0595   0.6232   1.0000
   4.272   0.7500   0.02161   0.01381  -0.0576   0.6036   1.0000
   4.753   0.8000   0.02193   0.01407  -0.0560   0.5880   1.0000
   5.351   0.8500   0.02325   0.01561  -0.0537   0.5649   1.0000
   5.840   0.9000   0.02313   0.01555  -0.0518   0.5449   1.0000
   6.311   0.9500   0.02112   0.01339  -0.0484   0.5046   1.0000
   6.824   1.0000   0.01874   0.01049  -0.0441   0.4392   1.0000
