
  -2.616   0.0000   0.01221   0.00438  -0.0525   0.7175   0.0234
  -2.132   0.0500   0.01145   0.00322  -0.0512   0.6962   0.0237
  -1.654   0.1000   0.01083   0.00259  -0.0502   0.6761   0.0863
  -1.117   0.1500   0.00945   0.00246  -0.0490   0.6588   0.4157
  -0.526   0.2000   0.00846   0.00257  -0.0455   0.6374   0.7613
  -0.335   0.2500   0.00831   0.00280  -0.0508   0.6306   0.9293
   0.019   0.3000   0.00838   0.00280  -0.0590   0.6226   1.0000
   0.019   0.3500   0.00836   0.00280  -0.0634   0.6226   1.0000
   0.521   0.4000   0.00847   0.00284  -0.0623   0.6088   1.0000
   1.027   0.4500   0.00871   0.00286  -0.0611   0.5918   1.0000
   1.521   0.5000   0.00902   0.00309  -0.0603   0.5789   1.0000
   2.017   0.5500   0.00916   0.00323  -0.0593   0.5695   1.0000
   2.514   0.6000   0.00934   0.00336  -0.0582   0.5571   1.0000
   3.016   0.6500   0.00965   0.00356  -0.0571   0.5419   1.0000
   3.513   0.7000   0.01002   0.00394  -0.0561   0.5279   1.0000
   4.011   0.7500   0.01010   0.00418  -0.0550   0.5159   1.0000
   4.591   0.8000   0.00995   0.00345  -0.0517   0.4371   1.0000
   5.109   0.8500   0.01024   0.00368  -0.0503   0.4044   1.0000
   5.683   0.9000   0.01097   0.00402  -0.0479   0.3358   1.0000
   6.469   0.9500   0.01377   0.00562  -0.0427   0.1338   1.0000
   7.294   1.0000   0.01705   0.00817  -0.0368   0.0102   1.0000
