
  -2.352   0.0000   0.01788   0.01040  -0.0606   0.8935   0.5679
  -2.275   0.0500   0.01690   0.01048  -0.0655   0.8963   0.9020
  -2.1     0.1      0.0167    0.01     -0.075    0.896    1.0000
  -2.080   0.1500   0.01651   0.00960  -0.0798   0.8959   1.0000
  -1.624   0.2000   0.01673   0.00934  -0.0804   0.8688   1.0000
  -1.168   0.2500   0.01708   0.00930  -0.0807   0.8467   1.0000
  -0.674   0.3000   0.01748   0.00935  -0.0798   0.8229   1.0000
  -0.067   0.3500   0.01838   0.00997  -0.0769   0.7931   1.0000
   0.414   0.4000   0.01896   0.01039  -0.0757   0.7759   1.0000
   1.080   0.4500   0.02056   0.01184  -0.0730   0.7494   1.0000
   1.578   0.5000   0.02123   0.01232  -0.0713   0.7328   1.0000
   2.255   0.5500   0.02319   0.01425  -0.0684   0.7064   1.0000
   2.788   0.6000   0.02423   0.01524  -0.0667   0.6899   1.0000
   3.468   0.6500   0.02669   0.01777  -0.0639   0.6655   1.0000
   4.034   0.7000   0.02801   0.01918  -0.0620   0.6455   1.0000
   4.511   0.7500   0.02909   0.02048  -0.0601   0.6309   1.0000
   5.251   0.8000   0.03133   0.02299  -0.0568   0.5984   1.0000
   5.636   0.8500   0.03097   0.02264  -0.0552   0.5855   1.0000
   6.360   0.9000   0.03293   0.02495  -0.0512   0.5487   1.0000
   6.680   0.9500   0.03148   0.02351  -0.0499   0.5357   1.0000
   6.9     0.1      0.033     0.022    -0.049    0.525    1.0000
