
  -2.677   0.0000   0.01344   0.00499  -0.0552   0.7684   0.0304
  -2.191   0.0500   0.01276   0.00399  -0.0537   0.7446   0.0383
  -1.613   0.1000   0.01085   0.00362  -0.0515   0.7205   0.4394
  -1.052   0.1500   0.00967   0.00371  -0.0479   0.6981   0.8133
  -0.943   0.2000   0.00964   0.00379  -0.0550   0.6927   0.9350
  -0.943   0.2500   0.00970   0.00379  -0.0600   0.6927   0.9350
  -0.508   0.3000   0.00987   0.00377  -0.0656   0.6761   1.0000
   0.006   0.3500   0.01002   0.00379  -0.0644   0.6607   1.0000
   0.516   0.4000   0.01027   0.00390  -0.0632   0.6447   1.0000
   1.021   0.4500   0.01072   0.00418  -0.0621   0.6282   1.0000
   1.528   0.5000   0.01092   0.00433  -0.0609   0.6147   1.0000
   2.032   0.5500   0.01120   0.00452  -0.0598   0.6012   1.0000
   2.534   0.6000   0.01179   0.00498  -0.0587   0.5857   1.0000
   3.042   0.6500   0.01214   0.00539  -0.0576   0.5737   1.0000
   3.547   0.7000   0.01242   0.00571  -0.0564   0.5600   1.0000
   4.049   0.7500   0.01263   0.00599  -0.0550   0.5448   1.0000
   4.562   0.8000   0.01304   0.00637  -0.0536   0.5258   1.0000
   5.114   0.8500   0.01221   0.00522  -0.0504   0.4706   1.0000
   5.663   0.9000   0.01239   0.00518  -0.0482   0.4226   1.0000
   6.217   0.9500   0.01288   0.00549  -0.0461   0.3707   1.0000
   6.964   1.0000   0.01499   0.00669  -0.0412   0.2110   1.0000
