
  -2.752   0.0000   0.01501   0.00626  -0.0588   0.8125   0.0387
  -2.213   0.0500   0.01322   0.00480  -0.0562   0.7835   0.1846
  -1.570   0.1000   0.01121   0.00488  -0.0517   0.7551   0.7250
  -1.400   0.1500   0.01095   0.00496  -0.0567   0.7482   0.8982
  -1.345   0.2000   0.01100   0.00497  -0.0648   0.7457   0.9850
  -1.078   0.2500   0.01105   0.00473  -0.0691   0.7328   1.0000
  -0.546   0.3000   0.01129   0.00474  -0.0676   0.7116   1.0000
  -0.022   0.3500   0.01157   0.00477  -0.0661   0.6930   1.0000
   0.492   0.4000   0.01211   0.00519  -0.0650   0.6762   1.0000
   1.010   0.4500   0.01243   0.00541  -0.0637   0.6601   1.0000
   1.524   0.5000   0.01276   0.00555  -0.0621   0.6430   1.0000
   2.039   0.5500   0.01353   0.00623  -0.0610   0.6281   1.0000
   2.556   0.6000   0.01396   0.00671  -0.0598   0.6146   1.0000
   3.066   0.6500   0.01432   0.00703  -0.0584   0.5992   1.0000
   3.584   0.7000   0.01537   0.00799  -0.0571   0.5818   1.0000
   4.106   0.7500   0.01559   0.00852  -0.0557   0.5689   1.0000
   4.614   0.8000   0.01580   0.00876  -0.0542   0.5521   1.0000
   5.119   0.8500   0.01638   0.00921  -0.0527   0.5310   1.0000
   5.669   0.9000   0.01445   0.00692  -0.0486   0.4683   1.0000
   6.217   0.9500   0.01456   0.00689  -0.0463   0.4249   1.0000
   6.789   1.0000   0.01504   0.00725  -0.0438   0.3666   1.0000
