
  -1.682   0.0000   0.01177   0.00433  -0.0035   0.4853   0.3465
  -0.731   0.1000   0.01038   0.00464   0.0014   0.4512   0.9463
  -0.266   0.2000   0.01075   0.00458  -0.0070   0.4317   0.9782
   0.206   0.3000   0.01091   0.00436  -0.0162   0.4133   0.9983
   1.173   0.4000   0.01119   0.00429  -0.0149   0.3867   1.0000
   2.197   0.5000   0.01183   0.00453  -0.0123   0.3636   1.0000
   3.215   0.6000   0.01256   0.00510  -0.0097   0.3435   1.0000
   4.228   0.7000   0.01348   0.00589  -0.0072   0.3262   1.0000
   4.730   0.7500   0.01393   0.00625  -0.0061   0.3180   1.0000
   5.032   0.7800   0.01435   0.00664  -0.0055   0.3137   1.0000
   5.232   0.8000   0.01454   0.00688  -0.0051   0.3106   1.0000
   6.222   0.9000   0.01574   0.00805  -0.0035   0.2963   1.0000
   7.201   1.0000   0.01709   0.00939  -0.0024   0.2829   1.0000
   8.185   1.1000   0.01842   0.01088  -0.0015   0.2699   1.0000
   9.195   1.2000   0.02007   0.01280  -0.0006   0.2568   1.0000
