
  -1.846   0.0000   0.01608   0.01023  -0.0066   0.5793   0.8748
  -1.616   0.1000   0.01661   0.01019  -0.0173   0.5616   0.9757
  -0.997   0.2000   0.01661   0.00929  -0.0235   0.5338   1.0000
   0.080   0.3000   0.01736   0.00933  -0.0206   0.4939   1.0000
   1.142   0.4000   0.01855   0.00991  -0.0175   0.4619   1.0000
   2.195   0.5000   0.02010   0.01111  -0.0147   0.4338   1.0000
   3.256   0.6000   0.02230   0.01316  -0.0122   0.4092   1.0000
   4.330   0.7000   0.02496   0.01582  -0.0098   0.3865   1.0000
   4.872   0.7500   0.02658   0.01744  -0.0087   0.3770   1.0000
   5.210   0.7800   0.02772   0.01868  -0.0082   0.3698   1.0000
   5.409   0.8000   0.02803   0.01892  -0.0077   0.3668   1.0000
   6.515   0.9000   0.03187   0.02290  -0.0060   0.3483   1.0000
   7.542   0.9830   0.03678   0.02813  -0.0046   0.3314   1.0000
