
  -1.649   0.0000   0.01211   0.00511  -0.0034   0.5029   0.4940
  -0.891   0.1000   0.01158   0.00561  -0.0017   0.4725   0.9576
  -0.500   0.2000   0.01183   0.00541  -0.0119   0.4534   0.9857
   0.152   0.3000   0.01200   0.00504  -0.0174   0.4309   1.0000
   1.181   0.4000   0.01241   0.00505  -0.0148   0.4017   1.0000
   2.206   0.5000   0.01316   0.00544  -0.0121   0.3780   1.0000
   3.226   0.6000   0.01406   0.00615  -0.0096   0.3570   1.0000
   4.239   0.7000   0.01515   0.00710  -0.0072   0.3388   1.0000
   4.742   0.7500   0.01582   0.00760  -0.0061   0.3309   1.0000
   5.046   0.7800   0.01616   0.00806  -0.0055   0.3256   1.0000
   5.245   0.8000   0.01641   0.00830  -0.0052   0.3224   1.0000
   6.240   0.9000   0.01783   0.00976  -0.0036   0.3073   1.0000
   7.234   1.0000   0.01948   0.01152  -0.0025   0.2932   1.0000
   8.235   1.1000   0.02134   0.01354  -0.0015   0.2797   1.0000
   9.253   1.2000   0.02342   0.01579  -0.0006   0.2664   1.0000
