
  -1.690   0.0000   0.01139   0.00384  -0.0032   0.4714   0.2718
  -0.633   0.1000   0.00951   0.00400   0.0032   0.4355   0.9333
  -0.085   0.2000   0.00994   0.00403  -0.0033   0.4152   0.9736
   0.418   0.3000   0.01018   0.00391  -0.0117   0.3966   0.9918
   1.162   0.4000   0.01036   0.00382  -0.0152   0.3758   1.0000
   2.180   0.5000   0.01082   0.00398  -0.0126   0.3528   1.0000
   3.200   0.6000   0.01151   0.00441  -0.0099   0.3333   1.0000
   4.215   0.7000   0.01234   0.00508  -0.0074   0.3166   1.0000
   4.717   0.7500   0.01276   0.00552  -0.0063   0.3087   1.0000
   5.017   0.7800   0.01301   0.00575  -0.0057   0.3043   1.0000
   5.218   0.8000   0.01324   0.00592  -0.0053   0.3015   1.0000
   6.207   0.9000   0.01424   0.00694  -0.0036   0.2877   1.0000
   7.186   1.0000   0.01539   0.00817  -0.0025   0.2746   1.0000
   8.168   1.1000   0.01672   0.00962  -0.0016   0.2621   1.0000
   9.164   1.2000   0.01822   0.01125  -0.0007   0.2499   1.0000
