
  -1.591   0.0000   0.01278   0.00684  -0.0011   0.5276   0.7913
  -1.178   0.1000   0.01336   0.00712  -0.0077   0.5053   0.9636
  -0.838   0.2000   0.01346   0.00672  -0.0191   0.4868   0.9969
   0.139   0.3000   0.01374   0.00634  -0.0180   0.4534   1.0000
   1.178   0.4000   0.01443   0.00653  -0.0152   0.4237   1.0000
   2.208   0.5000   0.01536   0.00702  -0.0124   0.3990   1.0000
   3.233   0.6000   0.01662   0.00808  -0.0099   0.3772   1.0000
   4.255   0.7000   0.01807   0.00947  -0.0076   0.3574   1.0000
   4.757   0.7500   0.01877   0.01001  -0.0065   0.3491   1.0000
   5.068   0.7800   0.01939   0.01073  -0.0060   0.3434   1.0000
   5.273   0.8000   0.01976   0.01115  -0.0056   0.3396   1.0000
   6.288   0.9000   0.02174   0.01322  -0.0041   0.3233   1.0000
   7.317   1.0000   0.02412   0.01580  -0.0028   0.3077   1.0000
   8.384   1.1000   0.02701   0.01902  -0.0016   0.2922   1.0000
   9.531   1.2000   0.03069   0.02315   0.0000   0.2758   1.0000
